  3 -2
  7 -2
  11 -1
  13 +4
  17 -5
  19 +2
  23 +7
  29 +3
  31 -3
  37 -11
  41 -4
  43 +13
  47 -14
  53 +16
  59 +6
  61 -6
  67 -20
  71 -7
  73 +22
  79 +8
  83 +25
  89 +9
  97 -29
  101 -10
  103 +31
  107 -32
  109 +11
  113 +34
  127 -38
  131 -13
  137 -41
  149 +15
  151 -15
  157 -47
  163 +49
  191 -19
  199 +20
  211 -21
  401 -40
  421 -42
  431 -43
  491 -49
  521 -52
  571 -57
  601 -60
  907 -272
  911 -91
  953 +286
  971 -97
  997 -299
  1009 +101
  2003 +601
  2011 -201
  2111 -211
  2221 -222
  3631 -363
  6091 -609
  7591 -759
  7621 -762
  7681 -768
  7901 -790
  7919 +792